100079		1
100149		1
100295		1
100343		1
100350		1
100420		1
100424		1
100626		1
101230		1
101443		1
101498		1
101597		1
101656		1
101832		1
101861		1
102022		1
102066		1
102323		1
102381		1
102473		1
102734		1
102781		1
102848		1
103166		1
103481		1
103496		1
103500		1
103573		1
103672		1
103676		1
103812		1
104237		1
104321		1
104406		1
104729		1
105106		1
105234		1
105362		1
105476		1
105513		1
105623		1
105762		1
106114		1
106385		1
106547		1
106675		1
106819		1
106950		1
106998		1
107009		1
107269		1
107504		1
107621		1
107959		1
108031		1
108538		1
108761		1
109069		1
109139		1
109182		1
109197		1
109359		1
109425		1
109447		1
109517		1
109678		1
109836		1
110144		1
110173		1
110430		1
110870		1
110962		1
110995		1
111064		1
111295		1
111376		1
111417		1
111831		1
112597		1
113194		1
113400		1
113950		1
114144		1
114313		1
114379		1
114412		1
114434		1
114830		1
114908		1
114984		1
114999		1
115208		1
115493		1
116061		1
116216		1
116289		1
116344		1
116564		1
116652		1
116670		1
116876		1
116883		1
116942		1
116979		1
117022		1
117260		1
117495		1
118133		1
118210		1
118416		1
118665		1
118713		1
118827		1
118852		1
119112		1
119178		1
119329		1
119471		1
119509		1
119611		1
119817		1
119853		1
120165		1
120231		1
120404		1
120550		1
120624		1
120778		1
120866		1
120950		1
120965		1
121108		1
121214		1
121375		1
121386		1
121654		1
121753		1
122204		1
122475		1
122879		1
123157		1
123179		1
123308		1
123535		1
123568		1
123586		1
124147		1
124631		1
124800		2
125063		1
125085		1
125108		1
125177		1
125405		1
125933		1
126057		1
126673		1
126695		1
126790		1
127494		1
127528		1
127645		1
127649		1
127795		1
127799		1
128015		1
128150		1
128503		1
128866		1
128873		1
129276		1
129515		1
129702		1
129889		1
130270		1
130539		1
131077		1
131419		1
131631		1
131660		1
131840		1
131969		1
132089		1
132489		1
132519		1
132603		1
132889		1
133141		1
133710		1
133721		1
134014		1
134050		1
134182		1
134326		1
134377		1
134609		1
134924		1
135381		1
135727		1
135884		1
136023		1
136089		1
136155		1
136474		1
136607		1
137417		1
137439		1
137460		1
137464		1
137659		1
138421		1
138432		1
138616		1
138674		1
138733		1
139158		1
139529		1
139664		1
139741		1
139998		2
140028		1
140075		1
140189		1
140527		1
140655		1
141102		1
141506		1
142297		1
142657		1
144024		1
144181		1
144817		1
144835		1
145010		1
145061		1
145429		1
145535		1
145579		1
145865		1
145894		1
146114		1
146341		1
146822		1
146884		1
146895		1
147078		1
147687		1
148130		1
148149		1
148589		1
148820		1
148824		1
148893		1
149007		1
149069		1
150119		1
150944		1
150966		1
151013		1
151185		1
151192		1
151354		1
151589		1
151680		1
152719		1
152740		1
152803		1
153275		1
153587		1
154104		1
154108		1
154537		1
154801		1
155215		1
155329		1
155387		1
155424		1
155589		1
155938		1
155996		1
156784		1
157275		1
157293		1
157808		1
158452		1
158580		1
159149		1
159846		1
160264		1
160356		1
161489		1
163795		1
163920		1
165375		1
165423		1
165511		1
166567		1
167065		1
167373		1
167414		1
167689		1
168682		1
169221		1
169261		1
169511		1
169724		1
169768		1
170858		1
170968		1
171132		1
171161		1
171532		1
171833		1
173138		1
175158		1
17519		1
175499		1
175565		1
176184		1
176243		1
176636		1
176735		1
178319		1
178490		1
179480		1
180002		1
180060		1
180813		1
180839		1
181139		1
182099		1
182462		1
184318		1
184640		1
184783		1
184974		1
185113		1
185270		1
185274		1
185476		1
186653		1
186921		1
187180		1
187614		1
188163		1
188222		1
189872		1
192627		1
192917		1
192946		1
194632		1
194706		1
194922		1
195424		1
195468		1
195600		1
196285		2
196685		1
198067		1
198940		1
199659		1
199831		1
200380		1
201099		1
201239		1
203798		1
204968		1
205664		1
206889		1
207057		1
207530		1
208858		1
210626		1
210846		1
210886		1
212088		1
212217		1
21310		1
213177		1
214776		1
215234		1
215601		1
216088		1
216147		1
21673		1
217184		1
217320		1
217595		1
218992		1
219193		1
219454		1
220401		1
22047		1
221068		1
221523		1
221633		1
222256		1
222487		1
222638		1
223048		1
223268		1
22337		1
22348		1
226113		1
226388		1
227891		1
230477		1
230792		1
230918		1
231056		1
23118		1
231519		1
231629		1
232365		1
233139		1
234400		1
234785		1
236659		1
237476		1
23756		1
238374		1
239515		1
240083		1
240564		1
242063		1
243299		1
243497		1
243765		1
243806		1
244106		1
245169		1
24562		1
245936		1
246632		1
24775		1
248964		1
249345		1
250923		1
252055		1
252473		1
252590		1
25310		1
253313		1
254006		1
254666		1
254699		1
255641		1
255722		1
256617		1
257012		1
259403		1
259410		1
262652		1
262791		1
26311		1
263334		1
263521		1
264933		1
265347		1
26597		1
26656		1
267929		1
268184		1
268764		1
26960		1
271849		1
273094		1
273281		1
273759		1
273935		1
274532		1
27554		1
27558		1
277047		1
277623		1
278349		1
280887		1
28225		1
282526		1
283714		1
28412		1
28434		1
284609		1
285631		1
286661		1
287075		1
288128		1
288571		1
29093		1
29192		1
29259		1
292859		1
293940		1
29420		1
296392		1
296855		1
297290		1
297313		1
297706		1
297995		1
30107		1
301335		1
303090		1
30327		1
30422		1
305621		1
306457		1
306691		1
309830		1
31225		1
31533		1
315907		1
31690		1
31834		1
318986		2
319132		1
321799		1
32376		1
32420		1
32501		1
326392		1
32783		1
32974		1
33106		1
332278		1
33281		1
33322		1
335909		1
336605		1
33715		1
33733		1
337477		1
338085		1
338463		1
33975		1
340044		1
341382		1
34264		1
34415		1
346376		1
347737		1
34792		1
349786		1
349999		1
351264		1
35173		1
353592		1
35416		1
355785		1
356038		1
356621		1
357383		1
35742		1
35801		1
35852		1
36127		1
36259		1
362961		1
36468		1
36578		1
366008		1
366671		1
367889		1
368097		1
37234		1
37366		1
37447		1
37582		1
37788		1
37924		1
385173		1
386145		1
386471		1
38730		1
38778		1
38954		1
39111		1
39148		1
392162		1
392360		1
39306		1
39519		1
39614		1
39643		1
397996		1
39977		1
39984		1
40058		2
40106		1
40197		1
403532		1
40575		1
405787		1
40663		1
41022		1
411687		1
41462		1
415346		1
41741		1
41745		1
417557		1
418899		1
42111		1
42180		1
42254		1
42845		1
42863		1
42962		1
43057		1
431373		1
431513		1
43215		1
43219		1
433210		1
43329		1
43332		1
43479		1
43563		1
43600		1
43611		1
43776		1
43893		1
43930		1
43978		1
441291		1
442090		1
44366		1
44388		1
44634		1
44670		1
44689		1
44719		1
44740		1
45008		1
45073		1
450936		1
45107		1
45228		1
45426		1
45536		1
45653		1
45778		1
45862		1
45969		1
46081		1
46126		1
46272		1
46401		1
46409		1
46577		1
466104		1
46841		1
469392		1
47013		1
47057		1
47101		1
47116		1
47538		1
47545		1
47677		1
47688		1
47831		1
47963		1
48050		1
48234		1
48560		1
48825		1
48847		1
489666		1
49033		1
49095		1
49147		1
49194		1
49253		1
49257		1
49590		1
49653		1
49972		1
50002		1
50035		1
50130		1
50288		1
50464		1
50589		1
50743		2
50817		1
50835		1
512270		1
51458		1
51506		1
51517		1
51733		1
51799		1
51843		1
51869		1
52129		1
52198		1
52257		1
52330		1
52635		1
52859		1
52903		1
52990		1
532243		1
53456		1
53463		1
53533		2
53614		1
53650		1
53661		1
53676		1
538803		1
53937		1
53955		1
53991		1
54006		1
54273		1
54332		1
54592		1
54600		1
54608		1
54626		1
546815		1
54941		1
55061		1
55238		1
55836		1
559563		1
56084		1
56088		1
56183		1
56260		1
56271		1
56341		1
56374		1
56381		1
56697		1
56910		1
56932		1
56961		1
57177		1
57229		1
57290		1
57306		1
57423		1
57559		1
57607		1
57665		1
57683		1
577237		1
57728		1
57889		1
57933		1
58240		1
58251		1
58493		1
58545		1
58637		1
58691		1
58806		1
59043		1
59087		1
59395		1
59700		2
59755		1
59791		1
59906		1
59964		1
60317		1
60342		1
60346		1
60522		1
60607		1
60629		1
60636		1
60647		1
61020		1
61138		1
61211		1
61240		1
61251		1
61262		1
61277		1
61372		1
61505		1
61615		1
61626		1
61666		1
61802		1
61875		1
62072		1
62128		1
62201		1
62238		1
62487		1
62490		1
62557		1
62564		1
62696		1
62737		1
62762		1
62890		1
63004		1
630716		1
63080		1
63084		1
63103		2
63129		1
63198		1
63228		1
63275		1
63334		1
63363		1
63480		1
63594		1
63767		1
63804		1
63822		1
64070		1
64313		1
64397		1
64430		1
645969		1
64746		1
64768		1
65079		1
65082		1
65112		1
65211		1
65325		1
65343		1
65402		1
654530		1
66072		1
66164		1
66292		1
66429		1
66454		1
666436		1
66719		1
66744		1
66906		1
67026		1
67147		1
67183		1
67202		1
67459		1
676240		1
67712		1
67796		1
67983		1
68140		1
68342		1
68368		1
684128		1
68492		1
68537		1
68580		1
68845		1
69039		1
69138		1
691887		1
69486		1
69530		1
69556		1
696455		1
69707		1
69846		1
69912		1
69923		1
70370		1
70396		1
70440		1
70606		2
70859		1
70947		1
71056		1
71225		1
71254		1
71379		1
71591		1
71690		1
71889		1
71955		1
72101		1
721245		1
72284		1
72383		1
72435		1
72651		1
72714		1
72879		1
72930		1
72945		1
72956		1
73014		1
73072		1
73139		1
73373		1
73414		1
73421		1
73476		1
73579		1
73681		1
73825		1
73957		1
74037		1
74330		1
74583		1
74730		1
74899		1
74994		1
75056		1
75166		1
75272		1
75346		1
75364		1
75786		1
75805		1
75948		1
76031		1
76057		1
76116		1
76163		1
76174		1
76215		1
76534		1
76691		1
76978		1
77230		1
77391		1
77425		1
77476		1
77582		1
77612		1
78033		1
78206		1
78510		1
78675		1
78925		1
78936		1
78943		1
79085		1
79159		1
79412		1
79456		1
79481		1
79508		1
79533		1
79577		1
79580		2
79665		1
79926		1
79962		1
80209		1
80223		1
80296		1
80340		1
80355		1
80447		1
80502		1
80553		1
80780		1
80788		1
80850		1
80931		1
81051		1
81198		1
81341		1
81466		1
81851		1
81884		1
81921		1
82074		1
82137		1
82276		1
82430		1
82485		1
82654		1
82959		1
83394		1
83442		1
83512		1
83970		1
841794		1
84270		1
84274		1
84528		1
84799		1
85008		1
85206		1
85392		1
85466		1
85664		1
85727		1
85734		1
86126		1
86298		1
86566		1
86607		1
86742		1
87174		1
87457		1
87721		1
87893		1
87912		1
88083		1
88252		1
88425		1
88649		1
88755		1
88795		1
88939		1
89055		1
89301		1
89338		1
89473		1
89499		1
89686		1
89745		1
89789		1
89796		1
89998		1
90006		1
90097		1
90109		1
90361		1
90527		1
90729		1
90747		1
915637		1
91869		1
91890		1
91894		1
91942		1
91957		1
92048		1
92118		1
92323		1
92338		1
93034		1
93346		1
93522		1
93753		1
94428		1
94556		1
94589		1
94680		1
94857		1
94909		1
94927		1
94992		1
95113		1
951321		1
95216		1
95344		1
95461		1
95593		1
95685		1
95719		1
95876		1
96004		1
96110		1
96323		1
96480		1
96730		1
96789		1
96969		1
97173		1
97261		1
97375		1
97456		1
97470		1
97478		1
97540		1
97731		1
98219		1
98240		1
98251		1
98417		1
98431		1
98505		1
98534		1
98886		1
99292		1
99487		1
99524		1
99568		1
99630		1
99634		1
99700		1
99957		1
Minutes Delayed.Total		1
