100412		1
100456		1
100508		1
100588		1
101002		1
101042		1
101688		1
101703		1
101725		1
101765		1
101909		1
102135		1
102249		1
102289		1
102391		1
102847		2
102931		1
103004		1
103231		1
103510		1
103815		1
103925		1
104140		1
104324		1
104519		1
104566		1
104702		1
104706		1
104911		1
104926		1
105460		1
105666		1
105732		1
105750		1
106131		1
106326		1
106447		1
106465		1
106704		1
106946		1
107033		1
107264		1
107693		1
107723		1
107756		1
107822		1
108092		1
108155		1
108218		1
108335		1
108779		1
108812		1
108845		1
108892		1
109402		1
109798		1
109879		1
109963		1
110327		1
110378		1
111063		1
111089		1
111342		1
111838		1
112123		1
112307		1
112633		1
112754		1
113050		1
113131		1
113164		1
113322		1
114118		1
114150		1
114488		1
114602		1
114671		1
114873		1
114990		1
115119		1
115173		1
115328		1
115375		1
115522		1
115764		1
115768		1
115944		1
116343		1
116509		1
116868		1
116981		1
117351		1
117366		1
117539		1
117681		1
117788		1
117814		1
117913		1
118349		1
118491		1
118617		1
118635		1
118808		2
118880		1
119221		1
119650		1
119665		1
119926		1
120157		1
120223		1
120285		1
120696		1
121349		1
121396		1
121745		1
122078		1
122427		1
122812		1
123064		1
123262		1
123589		1
123651		1
123839		1
124102		1
124414		1
124601		1
124737		1
124791		1
124825		1
125066		1
125206		1
125213		1
125606		1
125792		1
125840		1
126412		1
126841		1
126863		1
126870		1
126984		1
127138		1
127291		1
127365		1
127541		1
127790		1
127981		1
128175		1
128227		1
128340		1
128832		1
128942		1
128986		1
129026		1
129349		1
129514		1
130134		1
130332		1
130406		1
130424		1
130725		1
131058		1
131186		1
131263		1
131289		1
131414		1
131711		1
131825		1
131876		1
131957		1
132268		1
132433		1
132569		1
132770		1
133034		1
133658		1
133702		1
134468		1
134648		1
134655		1
135018		1
135223		1
135443		1
135982		1
136451		1
136466		1
137492		1
137544		1
137548		1
137731		1
137915		1
138152		1
138248		1
138310		1
138398		1
138479		1
139007		1
139209		1
139304		1
140089		1
140133		1
140801		1
140948		1
141178		1
141192		1
141512		1
141817		1
142043		1
142186		1
142197		1
142245		1
142571		1
142810		1
142894		1
143095		1
143224		1
143345		1
143385		1
143734		1
143880		1
144908		1
145035		1
145479		1
145963		1
146010		1
146311		1
146326		1
146425		1
146719		1
147529		1
148203		1
148427		1
148735		1
149046		1
149824		1
150183		1
150275		1
150309		1
150356		1
150408		1
150990		1
151012		1
151104		1
151148		1
151636		1
151852		1
152860		1
153171		1
153241		1
153535		1
154080		1
154422		1
154521		1
155629		1
155690		1
155731		1
156387		1
157120		1
157443		1
157513		1
157627		1
158279		1
159104		1
159313		1
159551		1
160050		1
160179		1
160359		1
161125		1
161172		1
161367		1
162339		1
162368		1
162588		1
163097		1
163604		1
163684		1
163817		1
164098		1
164216		1
164528		1
164858		1
164964		1
165073		1
165260		1
165367		1
165426		1
166261		1
167541		1
168997		1
169987		1
170105		1
171043		1
172363		1
172503		1
173823		1
173867		1
174659		1
174688		1
175083		1
175333		1
175380		1
175425		1
176462		1
176598		1
177591		1
177908		1
178189		1
179186		1
179898		1
180551		1
181060		1
181541		1
181714		1
182340		1
182513		1
183495		1
184760		1
184779		1
184841		1
184937		1
185666		1
185680		1
186007		1
186825		1
186890		1
187143		1
189013		1
189068		1
189471		1
189585		1
189747		1
190088		1
190279		1
190297		1
190536		1
190576		1
191834		1
192156		1
192251		1
192707		1
192864		1
19295		1
193193		1
193388		1
193403		1
194044		1
194118		1
194187		1
194206		1
194518		1
194741		1
194848		1
194936		1
195614		1
195926		1
196031		1
196875		1
196963		1
197722		1
197850		1
198150		1
198293		1
198462		1
198639		1
198914		1
199687		1
200428		1
200886		1
201326		1
201568		1
20194		1
201979		1
202356		1
202370		1
202408		1
202709		1
202929		1
20330		1
204974		1
206363		1
207614		1
207643		1
208057		1
208446		1
208714		1
208725		1
209061		1
211145		1
212227		1
212281		1
212326		1
212744		1
214401		1
215578		1
216487		1
217242		1
217583		1
217785		1
217929		1
219453		1
222354		1
222512		1
222909		1
223018		1
223560		1
226163		1
226945		1
227920		1
22820		1
228738		1
229009		1
229203		1
230010		1
230029		1
230061		1
230270		1
230517		1
232133		1
233505		1
233659		1
234902		1
23506		1
236096		1
236302		1
236430		1
237211		2
237718		1
238524		1
238803		1
238814		1
239202		1
239257		1
240475		1
241072		1
241238		1
241560		1
241627		1
242910		1
244002		1
244376		1
244534		1
244538		1
245267		1
245638		1
245663		1
248215		1
250522		1
25108		1
252407		1
252663		1
252773		1
255970		1
256003		1
257709		1
258045		1
25812		1
259354		1
259611		1
261580		1
263993		1
264624		1
26592		1
265977		1
269588		1
26981		1
271374		1
27267		1
27377		1
275792		1
27645		1
276874		1
277181		1
277192		1
27733		1
278359		1
278861		1
279235		1
279701		1
279826		1
280057		1
280545		1
28084		1
28367		1
284945		1
285025		1
286235		1
28631		1
288336		1
289106		1
29195		1
29236		1
29276		1
293125		1
294339		1
295152		1
298416		1
298654		1
298977		1
300135		1
30087		1
300935		1
30142		1
301822		1
30359		1
30483		1
30528		1
30539		1
305789		1
305998		1
306676		1
30719		1
307578		1
307956		1
30917		1
30928		1
31080		1
31118		1
311645		1
31190		1
315186		1
315678		1
316419		1
316954		1
317085		1
318060		1
31862		1
32030		1
320368		1
320885		1
32218		1
32320		1
323462		1
323521		1
324522		1
324760		1
32562		1
329196		1
329439		1
33002		1
330862		1
33185		1
33325		1
33361		1
33497		1
335434		1
335687		1
336226		1
33655		1
34270		1
345808		1
348102		1
34814		1
34986		1
35062		1
350688		1
35129		1
35309		1
353250		1
35345		1
35444		1
355968		1
35686		1
356895		1
357353		1
35738		1
35936		1
359696		1
361486		1
362450		1
363000		1
36452		1
36786		1
368650		1
36926		1
36951		1
370503		1
375984		1
376677		1
379650		1
381488		1
382379		1
38267		1
38531		1
386067		1
386830		1
387318		1
38740		1
38773		1
38968		1
39026		1
39271		1
39558		1
398509		1
39866		1
401562		1
40321		1
40376		1
40446		1
40644		1
40725		1
41098		1
41520		1
41531		1
415837		1
41638		1
41649		1
417112		1
418274		1
41850		1
41997		1
42004		1
42059		1
42213		1
42312		1
42356		1
42462		1
42701		1
42745		1
428156		1
42972		2
43045		1
43203		1
43294		1
43313		1
43500		1
435512		1
43661		1
44174		1
44226		1
44303		1
443304		1
44417		1
44420		1
44765		1
447656		1
447832		1
45029		1
45175		1
452768		1
45322		1
45531		1
45627		1
45755		1
45777		1
45869		1
45913		1
45997		1
46172		1
46206		1
462958		1
46594		1
46642		1
467629		1
46770		1
469942		1
47133		1
47144		1
472047		1
47258		1
472715		1
47317		1
47360		1
47654		1
47753		1
48093		1
48329		1
48343		1
48394		1
48435		1
48567		1
49168		1
49326		1
494069		1
49517		1
496258		1
49777		1
49883		1
50067		1
50119		1
50254		1
50335		1
50687		1
50760		1
50816		1
50995		1
510107		1
51666		1
51754		1
51842		1
51949		1
51989		1
52003		1
52139		1
52212		1
52252		1
52256		1
52300		1
52483		1
527523		1
52825		1
52836		1
52865		1
52993		1
53000		1
53477		1
53709		1
53730		1
53763		1
53796		1
53943		1
54074		1
54085		1
54140		1
54188		1
54236		1
54287		1
54294		1
54339		1
54416		1
54427		1
54540		1
54566		1
54580		1
55112		1
551151		1
55336		1
554653		1
55659		1
557902		1
558590		1
55860		1
559063		1
559269		1
55996		1
559962		1
56087		1
563354		1
56377		1
564003		1
56502		1
56575		1
57000		1
57095		1
57172		1
57257		1
57305		1
57334		1
57444		1
57448		1
57451		1
57613		1
57738		1
57745		1
57774		2
57880		1
58126		1
58207		1
58214		1
58236		1
58401		1
58463		1
58610		1
587253		1
58863		1
58991		1
59086		1
59303		1
59431		1
59486		1
595892		1
59644		1
59945		1
60059		1
60088		1
60161		1
60293		1
60404		1
60561		1
60767		1
60796		1
60855		1
60921		1
60969		1
60994		1
61030		1
61210		1
61265		1
61276		1
61544		1
61728		1
61735		1
62152		1
624499		1
62475		1
62505		1
62563		1
62655		1
62666		1
62769		1
62871		1
63090		1
63201		1
63407		1
63818		1
638894		1
63957		1
64217		1
64257		1
64316		1
64477		1
64480		1
64763		2
64880		1
64936		1
64961		1
65027		1
65067		1
65096		1
65122		1
65140		1
651758		1
65177		1
65654		1
65706		1
65728		1
65955		1
66178		1
66262		1
66387		1
66428		1
66523		1
66589		1
66651		1
66871		1
66912		1
66970		1
67241		1
67249		1
67340		1
67384		1
67403		1
67494		1
67498		1
67524		1
67667		1
67715		1
67751		1
67784		1
67829		1
67887		1
67982		1
68091		1
68271		1
68518		1
68532		1
68583		1
68796		1
68961		1
69092		1
69119		1
69151		1
691581		1
69353		1
69360		1
69416		1
69423		1
69489		1
69492		1
69805		1
69827		1
69948		1
70010		1
70098		1
70135		1
70234		1
70281		1
70447		1
70740		1
70755		1
70872		1
71026		1
71150		1
71224		1
71334		1
71606		1
71723		1
71932		1
71947		1
720092		1
72063		1
72092		1
72108		1
72225		1
72522		1
72577		1
72654		1
72676		1
72713		1
72728		1
72775		1
72878		1
72904		1
72919		1
73035		1
73097		1
73123		1
73255		1
73439		1
73471		1
73637		1
73680		1
737403		1
73938		1
74003		1
74047		2
74171		1
74175		1
74193		1
74388		1
744230		1
74494		1
74674		1
74766		1
74971		1
75194		1
75231		1
757977		1
75884		1
76030		1
76236		1
76294		1
76313		1
76360		1
76438		1
77057		1
77167		1
77174		1
77219		1
77350		1
77398		1
77637		1
77699		1
77729		1
77787		1
77820		1
77875		1
77893		1
77901		1
78139		1
78502		1
78638		1
78762		1
78788		1
78902		1
78942		1
79062		1
79088		1
79279		1
79293		1
79349		1
79426		1
79583		1
79756		1
79770		1
79855		1
80035		1
80101		1
80116		1
80211		1
80240		1
80318		1
80596		1
80608		1
80736		1
80743		1
80750		1
80776		1
80992		1
81098		1
81205		1
81344		1
81373		1
81454		1
81502		1
81733		1
81773		1
81791		1
81836		1
81872		1
82080		1
82169		1
82271		1
82550		1
82859		1
82998		1
83184		1
83661		1
84053		1
84130		1
84314		1
84471		1
84842		1
85003		1
85058		1
85315		1
85377		1
85410		1
85513		1
85740		1
85869		1
86110		1
86198		1
86356		1
86462		1
86536		1
86657		1
86796		1
86804		1
86808		1
86976		1
87096		1
87100		1
87298		1
87412		1
87577		1
87621		1
87683		1
88482		1
88619		1
88743		1
88758		1
89193		1
89263		1
89278		1
89333		1
89663		1
89858		1
90096		1
90287		1
90346		1
90522		2
90614		1
90944		1
91127		1
91215		2
91284		1
91475		1
91552		1
91828		1
91893		1
92003		1
92160		1
92230		1
92267		1
92315		1
92326		1
92715		1
92964		1
93011		1
93220		1
93480		1
94151		1
94313		1
94412		1
94562		1
94650		1
94658		1
94988		1
95068		1
95079		1
95097		1
95295		1
95651		1
95659		1
95714		1
95783		1
95790		1
95860		1
95992		1
96072		1
96076		1
96087		1
96216		1
96568		1
96689		1
96957		1
96975		1
97026		1
97125		1
97202		1
97206		1
97444		1
97800		1
97891		1
97950		1
98063		1
98173		1
98221		1
982876		1
98368		1
98937		1
99064		1
99079		1
99600		1
99710		1
