100598		1
100895		1
101104		1
101108		1
101122		1
101236		1
101254		1
101324		1
101500		1
101540		1
101867		1
102138		1
102255		1
102280		1
102350		1
102457		1
102512		1
102718		1
102754		1
102864		1
102916		1
102963		1
103135		1
103263		1
103270		1
103890		1
103913		1
103986		1
104312		1
104338		1
104536		1
104569		1
104859		1
104910		1
105214		1
105243		1
105317		1
105489		1
105515		1
105526		1
107090		1
107171		1
107212		1
107304		1
107476		1
107506		1
107726		1
107818		1
107861		1
107928		1
108033		1
108051		1
108110		1
108983		1
109247		1
109368		1
109382		1
109496		1
109632		1
109676		1
109948		1
109995		1
110270		1
110311		1
110667		1
110722		1
110748		1
111154		1
111408		1
111598		1
111628		1
111682		1
111693		1
111895		1
112089		1
112566		1
112580		1
112687		1
112782		1
113556		1
113615		1
113633		1
113637		1
113820		1
114072		1
114083		1
114216		1
114454		1
114847		1
114865		1
114902		1
115000		1
115008		1
115426		1
115576		1
115620		1
116739		1
116834		1
116889		1
116900		1
117031		1
117390		1
117662		1
117758		1
117828		1
117882		1
117974		1
118047		1
118171		1
118454		1
118528		1
119334		1
119473		1
119756		1
119961		1
120020		1
120057		1
120127		1
120237		1
120262		1
120798		1
120912		1
121146		1
121153		1
122408		1
122433		1
122543		1
122899		1
123027		1
123753		1
123801		1
123908		1
124424		1
124648		1
124655		1
124684		1
125296		1
125308		1
125670		1
125825		1
125843		1
126282		1
126312		1
126631		1
127184		1
127496		1
128060		1
128497		1
128578		1
128754		1
128967		1
129142		1
129395		1
129421		1
129450		1
129461		1
129465		1
129689		1
129784		1
130038		1
130339		1
130559		1
130896		1
131068		1
131307		1
131541		1
132395		1
132582		1
132843		1
133503		1
133602		1
133947		1
134122		1
134588		1
134618		1
134760		1
134881		1
135200		1
135307		1
135336		1
135361		1
135534		1
136098		1
136506		1
136528		1
136829		1
137451		1
138669		1
138980		1
139123		2
139156		1
139307		1
139549		1
140448		1
141481		1
141665		1
142589		1
142750		1
142871		1
143924		1
144224		1
144521		1
144693		1
145144		1
145364		1
145584		1
145962		1
146200		1
146431		1
146710		1
147348		1
14752		1
147759		1
147968		1
148257		1
148756		1
149195		1
14972		1
149911		1
150153		1
150281		1
150391		1
150513		1
151668		1
151679		1
151873		1
152012		1
152049		1
152254		1
152658		1
152661		1
152706		1
152915		1
153233		1
153255		1
153259		1
153280		1
153343		1
153552		1
154102		1
154407		1
154535		1
154630		1
154832		1
155004		1
155260		1
155338		1
155859		1
156122		1
156474		1
157196		1
157718		1
157721		1
157956		1
158003		1
158029		1
158311		1
158436		1
158719		1
159709		1
160244		1
160824		1
161201		1
161355		1
161762		1
162327		1
163258		1
163508		1
163944		1
164970		1
165292		1
165623		1
165681		1
166062		1
166154		1
166198		1
166334		1
166859		1
166880		1
166936		1
167188		1
167254		1
167519		1
167933		1
168673		1
168790		1
169120		1
169421		1
169906		1
170016		1
170492		1
171332		1
171457		1
171497		1
171640		1
171732		1
171776		1
173224		1
173668		1
174140		1
174229		1
175079		1
175743		1
175828		1
176755		1
177400		1
178166		1
178915		1
179828		1
179909		1
180378		1
180675		1
180880		1
180914		1
181229		1
181717		1
181926		1
182273		1
183751		1
184037		1
184228		1
184356		1
185184		1
185481		1
185504		1
185797		1
185823		1
186299		1
187582		1
187975		1
188044		1
188246		1
188437		1
188507		1
188602		1
188631		1
188723		1
189052		1
190212		1
190425		1
190649		1
190818		1
191198		1
191334		1
192618		1
193608		1
19375		1
194113		1
194186		1
195671		1
195686		1
195781		1
195947		1
196331		1
197244		1
198649		1
199789		1
200937		1
201417		1
201790		1
202939		1
203613		1
203884		1
204504		1
205956		1
206494		1
206667		1
207569		1
208360		1
208610		1
208724		1
208892		1
20898		1
210165		1
210730		1
211548		1
211724		1
212831		1
213593		1
213638		1
214774		1
217182		1
217344		1
218738		1
219937		1
221190		1
22133		1
221462		1
221679		1
221866		1
222717		1
223817		1
223970		1
228249		1
228568		1
231807		1
232444		1
233809		1
233955		1
235193		1
235289		1
235311		1
236080		1
236136		1
237434		1
239072		1
239238		1
239759		1
240214		1
24139		1
24245		1
242759		1
242766		1
243954		1
244962		1
24850		1
248702		1
249237		1
251559		1
251610		1
25172		1
252266		1
252633		1
253696		1
253825		1
25507		1
256343		1
256530		1
25657		1
257007		1
258473		1
258617		1
258631		1
262342		1
262474		1
26298		1
264139		1
264670		1
266243		1
266276		1
266870		1
267149		1
268869		1
270707		1
272411		1
273764		1
277805		1
278002		1
28072		1
282645		1
284188		1
286362		1
28946		1
290213		1
291108		1
291548		1
29187		1
292039		1
292769		1
293494		1
29396		1
294866		1
295779		1
296505		1
29697		1
29745		1
29819		1
29884		1
298891		1
298947		1
299353		1
299393		1
301384		1
301876		1
302837		1
302943		1
303526		1
30435		1
304479		1
30578		1
307184		1
30736		1
30817		1
310119		1
311046		1
31164		2
311703		1
312744		1
31278		1
313352		1
313705		1
317437		1
318126		1
318276		1
31917		1
31960		1
320349		1
321551		1
322839		1
323319		1
325496		1
32613		1
32675		1
326952		1
32929		1
329896		1
33092		1
331213		1
33287		1
335635		1
336067		1
33621		1
33654		1
33665		1
33746		1
337684		1
339059		1
339873		1
34413		1
34765		1
34824		1
34989		1
350151		1
35182		1
355350		1
35542		1
355677		1
35799		1
36118		1
36529		1
36536		1
36851		1
37034		1
370575		1
373053		1
373394		1
37508		1
375734		1
381337		1
383760		1
38431		1
38464		1
385436		1
38549		1
385751		1
38750		1
388718		1
389601		1
39054		1
39186		1
39337		1
39494		1
39560		1
397044		1
397198		1
398467		1
39876		1
40027		1
400289		1
40126		1
40195		1
40580		1
40629		1
406537		1
40665		1
40731		1
407662		1
40830		1
40870		1
40977		1
41046		1
41116		1
413016		1
413775		1
415267		1
41527		1
41581		1
41637		1
418431		1
41879		1
41963		1
42362		1
42366		1
42472		1
427033		1
42726		1
428346		1
43268		1
432846		1
43392		1
43440		1
43749		1
43840		1
43880		1
44027		1
44056		1
44100		1
441422		1
44298		1
44368		1
445150		1
44654		1
45141		1
45284		1
45314		1
45398		1
45549		1
45637		1
45644		1
463309		1
46821		1
46890		1
47169		1
47183		1
47279		1
472967		1
47349		1
47367		1
47370		1
47396		1
47473		1
47583		1
47682		1
47727		1
480472		1
48247		1
484245		1
48588		1
48841		1
48922		1
48937		1
48988		1
48995		1
49170		1
49424		1
494941		1
49842		1
50345		1
50385		1
503942		1
50466		2
50624		1
50660		1
506794		1
509144		1
50961		1
51034		1
51089		1
511190		1
51261		2
51294		1
51364		1
514029		1
51584		1
51669		1
51728		1
51874		1
51951		1
51995		1
520185		1
52097		1
52156		1
52178		1
52714		1
52747		1
53102		1
53157		1
53391		1
53498		1
53799		1
538878		1
53913		1
53917		1
53993		1
54033		1
54400		1
54624		1
546677		1
54697		1
55034		1
55049		2
55081		1
55089		1
55104		1
55320		1
55467		1
55533		1
55793		2
55838		1
55863		1
55878		1
559444		1
56006		1
56262		1
56596		1
56695		2
567731		1
56794		1
56927		1
569348		1
57010		1
57018		1
57047		1
571453		1
57201		1
57234		1
57384		1
57410		1
57560		1
57612		1
57807		1
578177		1
57883		1
57982		1
58048		1
58125		1
58172		1
58235		1
58345		1
58404		1
58422		1
58536		1
58590		1
587209		1
58800		1
59339		1
59423		1
59562		1
59654		1
59760		1
59793		1
59856		1
59870		1
59959		1
60007		1
60061		1
60124		1
60292		1
60296		1
60539		1
60667		1
60777		1
60784		1
609512		1
60953		1
61008		1
61268		1
61389		1
61433		1
61480		1
61499		1
61628		1
61671		1
61752		1
61800		1
61888		1
62126		1
62269		1
62335		1
62771		1
62823		1
62870		1
63002		1
63105		1
63116		2
63152		1
63310		1
63314		1
63428		1
63475		1
63482		1
63563		1
63592		1
63839		1
63923		1
63949		1
63992		1
64076		1
64106		1
64216		1
64256		1
64274		1
64278		1
64289		1
64304		1
64315		1
64395		1
64674		1
64814		1
64971		1
65183		1
65459		1
65473		1
65484		1
65521		1
65529		1
65617		2
65657		1
65752		1
65774		1
65936		1
66049		1
66140		1
66229		1
66375		1
66481		1
66562		1
66650		1
66793		1
66937		1
67211		1
67570		1
67608		1
67651		1
67718		1
67839		1
67934		1
68029		1
68171		2
681860		1
68212		1
68234		1
68285		1
68326		1
68355		1
68656		1
68795		1
68865		1
68993		1
69091		1
69158		1
69206		1
69260		1
69271		1
69323		1
693494		1
69514		1
69851		1
700967		1
70178		1
70189		1
70215		1
70523		1
70916		1
71090		1
71131		1
71344		1
71443		1
71557		1
71946		1
71968		1
72022		1
72088		1
72264		1
72426		1
72518		1
72701		1
72840		1
72844		1
72891		1
72899		1
73056		1
73133		1
73184		1
73250		1
73298		1
73423		1
73430		1
73760		1
73786		1
73856		1
73892		1
74017		1
74109		1
743287		1
74428		1
74468		1
74501		1
74516		1
74637		1
74772		1
74941		1
75083		1
75157		1
75201		1
75304		1
75421		1
75483		1
75498		1
75513		1
75791		1
75803		1
76037		1
76136		1
76565		1
76668		1
76727		1
77016		1
77144		1
77405		1
77515		1
77573		1
77636		1
77650		1
77760		1
77881		1
78068		1
78097		1
78192		1
78222		1
78259		1
78369		1
78439		1
78655		1
78691		1
79209		1
79348		1
79494		1
79506		1
79575		1
79667		1
79762		1
79971		1
80203		1
80269		1
80412		1
80492		1
80591		1
80805		1
80896		1
810633		1
81064		1
81226		1
81439		1
81457		1
81600		1
81710		1
81806		1
81901		1
82010		1
82120		1
82322		1
82384		1
82564		1
82649		1
82737		1
82751		1
83091		1
83220		1
83451		1
840344		1
84162		1
84823		1
84874		1
84944		1
85493		1
85567		1
85604		1
85901		1
86212		1
86344		1
86502		1
86568		1
86711		1
87059		1
87080		1
87084		1
87202		1
87341		1
87404		1
87491		1
87624		1
87679		1
87851		1
87936		1
88331		1
88951		1
89112		1
89204		1
89479		1
89556		1
89619		1
89707		1
89846		1
90084		1
90235		1
90356		1
90389		1
90392		1
90503		1
90547		2
90800		1
91049		1
91056		2
91191		1
91382		1
91452		1
91456		1
91481		1
91838		1
91870		1
91881		1
92013		1
92064		1
92167		1
92314		1
92343		1
92703		1
92909		1
93359		1
93494		1
93582		1
93711		1
93740		1
93766		1
93784		1
93942		1
94033		1
94110		1
94121		1
94286		1
94529		1
94914		1
94936		1
95012		1
95195		1
95207		1
95364		1
96042		1
96251		1
96501		1
96754		1
97124		1
97186		1
97201		1
97274		1
97571		1
97593		1
97612		1
97708		1
98055		1
98132		1
98323		1
98341		1
98356		1
98370		1
98664		1
98745		1
98749		1
98763		1
98811		1
98873		1
98891		1
99290		1
99342		1
99540		1
