100069		1
100120		1
100139		1
100157		1
100175		1
100278		1
100395		1
100443		1
100502		1
100663		1
100759		1
100836		1
101084		1
101323		1
101334		1
101756		1
102335		1
102430		1
102580		1
102599		1
102742		1
102809		1
102816		1
102878		1
103372		1
103398		1
103486		1
103509		1
103545		1
103886		1
103945		1
104007		1
104274		1
104304		1
104524		1
104818		1
104890		1
105404		1
105569		1
105840		1
106023		1
106485		1
106540		1
106562		1
106595		1
107189		1
107860		1
108450		2
108920		1
108986		1
109253		1
109507		1
109554		1
109561		1
109990		1
110013		1
110648		1
110790		1
111777		1
111803		1
111814		1
112062		1
112088		1
112309		1
112334		1
112363		1
112484		1
112660		1
112697		1
112899		1
113034		1
113115		1
113218		1
113250		1
113335		1
113654		1
113870		1
114127		1
114262		1
114321		1
114471		1
114615		1
114909		1
114949		1
115340		1
115513		1
115861		1
115993		1
116172		1
116419		1
116543		1
116723		1
117254		1
117386		1
117452		1
117654		1
117746		1
117812		2
118053		1
118064		1
118512		1
118604		1
118909		1
119090		1
119560		1
119609		1
119623		1
120089		1
120401		1
120591		1
120977		1
121707		1
121996		1
122072		1
122076		1
122289		1
122454		1
122726		1
122791		1
123282		1
123378		1
123518		1
123576		1
123583		1
123628		1
123730		1
123983		1
124005		1
124016		1
124298		1
124379		1
124768		1
125134		1
125307		1
125343		1
125390		1
125435		1
125886		1
125967		1
126179		1
126289		1
126539		1
126748		1
126773		1
127015		1
127095		1
127224		1
127264		1
127422		1
128041		1
128173		1
128247		1
128283		1
128694		1
128948		1
129086		1
129307		1
129431		1
129729		1
130213		1
130532		1
130686		1
130701		1
130785		1
130808		1
131012		1
131371		1
131416		1
131706		1
133454		1
133517		1
133605		1
134543		1
135092		1
135232		1
135397		1
135559		1
135607		1
135676		1
136233		1
136435		1
136439		1
136486		1
137865		1
137898		1
138202		1
138378		1
138569		1
138804		1
139034		1
139188		1
139379		1
139566		1
139683		1
140171		1
140179		1
140241		1
140638		1
140766		1
140924		1
141206		1
141301		1
141543		1
141855		1
141859		1
142573		1
142629		1
143398		1
143493		1
143567		1
144531		1
145202		1
145338		1
146034		1
146654		1
146878		1
146926		1
147244		1
147350		1
147383		1
147497		1
147563		1
147978		1
148069		1
148139		1
148296		1
148696		1
148777		1
148942		1
149051		1
149143		1
149862		1
149888		1
150013		1
150178		1
150262		1
150585		1
151447		1
151942		1
153070		1
153232		1
153379		1
153588		1
153775		1
153881		1
154006		1
154109		1
154200		1
154909		1
154970		1
155146		1
155355		1
155498		1
155692		1
155722		1
155960		1
156059		1
156327		1
156635		1
157166		1
157548		1
157625		1
158112		1
158460		1
158505		1
158570		1
158608		1
158783		1
159506		1
159777		1
160412		1
161758		1
162692		1
162964		1
162968		1
163172		1
163396		1
163473		1
164247		1
164438		1
164456		1
164713		1
164889		1
165174		1
166388		1
166582		1
167129		1
167448		1
167734		1
167815		1
167822		1
167918		1
168030		1
170066		1
171016		1
172134		1
172688		1
173175		1
173308		1
173641		1
174080		1
174363		1
174444		1
174510		1
174763		1
175188		1
175269		1
175438		1
175508		1
175595		1
175669		1
176035		1
176615		1
176699		1
176783		1
176941		1
176996		1
177234		1
177245		1
177546		1
177836		1
178213		1
179092		1
179207		1
179331		1
180278		1
180656		1
180726		1
181040		1
181334		1
181459		1
182027		1
182375		1
182797		1
183097		1
183134		1
183189		1
184582		1
184928		1
186559		1
186809		1
186948		1
187112		1
188348		1
18872		1
189080		1
189440		1
189961		1
190152		1
190237		1
190318		1
191278		1
191748		1
192709		1
192730		1
192815		1
193306		1
193382		1
193474		1
194031		1
194145		1
194703		1
194893		1
196396		1
196833		1
197995		1
198028		1
198475		1
199946		1
200723		1
200907		1
201148		1
202325		1
202376		1
202402		1
203230		1
204066		1
205254		1
205683		1
205881		1
205962		1
206109		1
206747		1
20794		1
209283		1
210304		1
211334		1
212034		1
212140		1
212371		1
212463		1
212548		1
213064		1
213570		1
213893		1
215217		1
215235		1
216559		1
217321		1
217365		1
218403		1
218766		1
218997		1
219202		1
220219		1
220952		1
221087		1
222066		1
222103		1
223148		1
223335		1
224538		1
225337		1
225366		1
225649		1
226910		1
226972		1
229627		1
230085		1
230364		1
230775		1
230911		1
231901		1
232209		1
233400		1
233602		1
235431		1
236256		1
236450		1
237187		1
237330		1
237356		1
237466		1
237958		1
237976		1
238067		1
238489		1
23955		1
240525		1
240716		1
24189		1
243355		1
243447		1
246167		1
246291		1
24725		1
247737		1
247869		1
249030		1
249919		1
250267		1
250616		1
251686		1
254326		1
256339		1
256504		1
257655		2
259165		1
25917		1
260185		1
260471		1
26125		1
26437		1
264608		1
264611		1
264655		1
265083		1
266301		1
267180		1
267467		1
268471		1
270298		1
270504		1
270793		1
270999		1
271442		1
273543		1
273752		1
274049		1
27478		1
27584		1
276436		1
27775		1
278180		1
278610		1
280774		1
281229		1
283517		1
28390		1
285126		1
285643		1
287513		1
291491		1
29311		1
293581		1
29722		1
29829		1
303051		1
306825		1
30717		1
307327		1
30801		1
30841		1
308603		1
31002		1
31093		1
311074		1
311386		1
31211		1
312413		1
31295		1
31570		1
31992		1
32146		1
32164		1
326405		1
33077		1
331399		1
33165		1
332440		1
332631		1
33459		1
33521		1
336264		2
338174		1
338718		1
33903		1
340588		1
34100		1
34232		1
34548		1
346106		1
34650		1
34951		1
35200		1
35215		1
35284		1
35347		1
35413		1
35527		1
35648		1
357928		1
35835		1
35842		1
358660		1
359038		1
359191		1
359584		1
36209		1
36388		1
36494		1
36803		1
36832		1
370130		1
37224		1
37334		1
37345		1
373702		1
37459		1
37682		1
379322		1
38016		1
380335		1
38034		1
38049		1
381112		1
38115		1
38177		1
382432		1
38247		1
38375		1
38508		1
386308		1
38690		1
38724		1
38809		1
38878		1
39028		1
390547		1
39420		1
395265		1
39545		1
396248		1
396842		1
40150		1
40275		1
404204		1
40433		1
40448		1
404934		1
40572		1
406158		1
40624		1
40752		1
408233		1
409704		1
41001		1
41111		1
41137		1
413305		1
415453		1
41636		1
41731		1
41834		1
41892		1
42288		1
42446		1
424899		1
42570		1
42688		1
42802		1
429830		1
43010		1
43142		1
43241		1
43557		1
437556		1
441216		1
44381		1
44499		1
445814		1
44895		1
44983		1
44994		1
45005		1
45070		1
45180		1
45210		1
45537		1
45573		1
45591		1
45775		1
46017		1
46130		1
46262		1
46277		1
46417		1
46512		1
465533		1
46556		2
466057		1
468194		1
46901		1
47050		1
470953		1
47139		1
47296		1
47517		1
47692		1
47850		1
48037		1
48080		1
48091		1
48118		1
482804		1
48301		1
483746		1
483926		1
485791		1
48590		1
48642		1
48745		1
48800		1
488406		1
48855		1
49272		1
49317		1
49481		1
49683		1
497183		1
49728		1
49904		1
50014		1
50072		1
50212		1
50216		2
50289		1
50373		1
50605		1
50616		1
50623		1
50630		1
50685		1
50832		1
508667		1
50939		1
50942		1
51330		1
51613		1
51833		1
51954		1
52184		1
52191		1
52265		1
52382		1
52485		1
525354		1
52548		1
52562		1
52870		1
52980		1
530444		1
53116		1
53343		1
53567		1
53688		1
54090		1
54175		1
54252		1
54300		1
54340		1
54649		1
54670		1
54711		1
54850		1
548821		1
54894		1
54898		1
551568		1
55507		1
55598		1
55679		1
55899		1
56180		1
562982		1
56313		1
56328		1
56470		1
56489		1
565846		1
56690		1
56713		1
56827		1
56904		2
56908		1
57006		1
57167		1
572383		1
57248		1
57310		1
57673		1
57699		1
57820		1
57871		1
57963		1
58106		1
581576		1
58238		1
58469		2
58557		1
58670		1
58719		1
58825		1
58869		1
58960		1
59257		1
59370		1
59455		1
59536		1
59840		1
59880		1
59918		1
60024		1
60259		1
60394		1
60626		1
61029		1
61054		1
61124		1
61179		1
61476		1
61539		1
61560		1
61656		1
617288		1
617666		1
61803		1
61829		1
61887		1
62217		1
62242		1
62279		1
62400		1
62408		1
62521		1
62576		1
62756		1
627830		1
62918		1
62961		1
62965		1
63009		1
63023		1
63214		1
63555		1
63559		1
63661		1
63690		1
63742		1
63793		1
63937		1
63940		1
63999		1
64042		1
64053		1
64226		1
64233		1
64240		1
64303		1
64318		1
64406		1
64608		1
64956		1
65311		1
65388		1
65490		1
65506		1
65670		1
65847		1
65865		1
65957		1
65960		1
66257		1
66631		1
66639		1
66686		1
66701		1
66859		1
67012		1
670133		1
67089		1
67166		1
67269		1
67401		1
67423		1
67463		1
67874		1
679604		1
68060		1
68138		1
68332		1
683696		1
68442		1
68512		1
68622		1
68662		1
68673		1
68703		1
68750		1
68974		1
69021		1
69036		1
692508		1
69458		1
69472		1
69571		1
69869		1
69876		1
69920		1
70001		1
70089		1
70119		1
70243		1
70364		1
704474		1
70511		1
70526		1
70690		1
70698		1
70782		1
70977		1
71071		1
71127		1
71170		1
71178		1
71394		1
714316		1
71570		1
71677		1
71879		1
72043		2
72142		1
72359		1
72579		1
72634		1
72645		1
72704		1
73004		1
73224		1
73370		1
73510		1
73525		1
73730		1
73899		1
73969		1
74180		1
74320		1
74393		1
748144		1
74867		1
74984		1
75086		1
75215		1
75284		1
75343		1
75354		1
75428		1
75457		1
75600		1
75659		1
75695		1
75868		1
75912		1
76058		1
76366		1
76429		1
76593		1
76799		1
76825		1
768799		1
76898		1
76920		1
77136		1
77206		1
77341		1
77392		1
77624		1
780636		1
78111		1
78126		1
78302		1
78522		1
78588		1
78720		1
78757		1
78878		1
79336		1
79460		1
79497		1
79527		1
79574		1
79842		1
80026		1
80062		1
801740		1
80242		1
80583		1
80668		1
80686		1
80749		1
80792		1
80954		1
81294		1
81317		1
81328		1
81371		1
81405		1
81548		1
81577		1
816319		1
81636		1
816935		1
81706		1
82185		1
82255		1
82291		1
82303		1
82394		1
82417		1
82431		1
82541		1
82567		1
82707		1
82853		1
82864		1
82912		1
83061		1
83098		1
83205		1
83230		1
83274		1
83281		1
83300		1
83337		1
83355		1
83546		1
83586		1
83748		1
83818		1
83931		1
84026		1
84154		1
84404		1
84646		1
84774		1
84844		1
84888		1
84950		1
85049		1
85052		1
85115		1
85144		1
85320		1
85382		1
85478		1
85676		1
859189		1
85966		1
85984		1
86435		1
86479		1
86644		1
86721		1
86806		1
86879		1
86923		1
87032		1
87120		1
87179		1
87241		1
873086		1
87737		1
87894		1
87931		1
87971		1
88008		1
88213		1
882293		1
88341		1
88480		1
88510		1
88624		1
89041		1
89049		1
89151		1
89258		1
89632		1
89782		1
89933		1
89955		1
90171		1
90355		1
90443		1
90454		1
90487		1
90539		1
90546		1
90557		1
90560		1
90605		1
90616		1
90737		1
90744		1
90759		1
90829		1
90850		1
91015		1
91073		1
91176		1
91220		1
91822		1
91943		1
92056		1
92104		1
92357		1
92364		1
92588		1
92720		1
93064		1
93093		1
93156		1
93219		1
93237		1
93552		1
93619		1
93938		1
94230		1
94421		1
94487		1
94531		2
94582		1
95110		1
95260		1
95419		1
95800		1
95855		1
96371		1
96676		1
96746		1
96812		1
96838		1
97064		1
97130		1
97167		1
97332		1
97460		1
97468		1
97479		1
97516		1
97981		1
98058		1
98124		1
98153		1
98355		1
989367		1
99051		1
99323		2
99503		1
99565		1
99587		1
99598		1
99752		1
